 alpha
   1.6E+03  1.4E-01  9.3E-11 -7.6E-13 -1.3E-12 -1.3E-12 -1.7E-12 -1.8E-12  0.0E+00  0.0E+00  0.0E+00  0.0E+00  0.0E+00  0.0E+00  0.0E+00  0.0E+00  8.3E-03  2.4E-06 -5.2E-13 -5.2E-13 -5.2E-13 -5.2E-13 -5.2E-13 -5.2E-13  8.2E+05 -5.0E+03 -6.3E-05 -3.0E-09  5.4E-12  2.7E-11 -6.1E-11  5.1E-12
   1.4E-01  1.1E+03  6.7E-02  8.0E-06 -1.0E-12 -1.3E-12 -1.7E-12 -1.8E-12  0.0E+00  0.0E+00  0.0E+00  0.0E+00  0.0E+00  0.0E+00  0.0E+00  0.0E+00  2.7E-06  1.9E-03  2.6E-07  1.8E-10 -5.6E-13 -5.6E-13 -5.6E-13 -5.6E-13  4.4E+03  1.0E+05 -1.2E+03 -5.9E-01 -6.6E-09  2.7E-11 -6.1E-11  5.1E-12
   9.3E-11  6.7E-02  1.9E+03  1.3E+02  3.3E-01  1.0E-03  4.5E-06 -2.0E-12  0.0E+00  0.0E+00  0.0E+00  0.0E+00  0.0E+00  0.0E+00  0.0E+00  0.0E+00 -7.1E-13  4.0E-07 -1.1E-03  4.0E-03  3.8E-06  2.1E-08  5.7E-13 -7.1E-13  3.7E-05  2.2E+03 -7.7E+06 -9.9E+06 -6.5E+03 -3.5E+01 -2.2E-02  4.7E-12
  -7.6E-13  8.0E-06  1.3E+02  2.7E+02  1.1E+01  4.6E-05  1.7E-06 -1.5E-12  0.0E+00  0.0E+00  0.0E+00  0.0E+00  0.0E+00  0.0E+00  0.0E+00  0.0E+00 -2.4E-13  5.5E-12  7.5E-05  4.0E-03  2.1E-04  5.7E-09  5.5E-14 -2.4E-13 -1.5E-10  3.0E-01  2.0E+06  4.9E+06 -3.7E+05 -1.5E+00 -1.3E-02  5.4E-12
  -1.3E-12 -1.0E-12  3.3E-01  1.1E+01  3.4E+03  6.4E-01  1.6E-02 -3.6E-12  0.0E+00  0.0E+00  0.0E+00  0.0E+00  0.0E+00  0.0E+00  0.0E+00  0.0E+00 -7.5E-13 -7.5E-13  6.2E-06  8.3E-04  3.4E-03  2.2E-05  4.5E-09 -7.5E-13 -1.5E-10  4.3E-08  1.1E+04  1.3E+06  1.5E+05 -1.7E+04 -1.2E+02  6.0E-09
  -1.3E-12 -1.3E-12  1.0E-03  4.6E-05  6.4E-01  3.4E+03  4.3E+02  3.9E-03  0.0E+00  0.0E+00  0.0E+00  0.0E+00  0.0E+00  0.0E+00  0.0E+00  0.0E+00 -7.7E-13 -7.7E-13  3.0E-10  4.5E-10  1.1E-05  2.3E-03  1.0E-03  1.7E-08 -1.5E-10 -5.8E-11  1.3E+02  4.1E+00  1.7E+04 -2.9E+05 -3.8E+06 -3.2E+01
  -1.7E-12 -1.7E-12  4.5E-06  1.7E-06  1.6E-02  4.3E+02  8.4E+03  8.4E+00  0.0E+00  0.0E+00  0.0E+00  0.0E+00  0.0E+00  0.0E+00  0.0E+00  0.0E+00 -1.2E-12 -1.2E-12  2.5E-13  1.7E-12  2.2E-07  4.2E-03 -2.9E-03  3.9E-05 -1.5E-10 -5.9E-11  1.2E-01  1.3E-01  4.8E+02  1.1E+07  4.9E+05 -6.7E+04
  -1.8E-12 -1.8E-12 -2.0E-12 -1.5E-12 -3.6E-12  3.9E-03  8.4E+00  1.2E+04  0.0E+00  0.0E+00  0.0E+00  0.0E+00  0.0E+00  0.0E+00  0.0E+00  0.0E+00 -1.2E-12 -1.2E-12 -1.2E-12 -1.2E-12 -1.2E-12  1.9E-08  6.5E-05 -3.1E-03 -1.5E-10 -5.9E-11  2.9E-09 -3.0E-09  1.8E-07  1.1E+02  1.2E+05  3.2E+04
   0.0E+00  0.0E+00  0.0E+00  0.0E+00  0.0E+00  0.0E+00  0.0E+00  0.0E+00  8.0E+01  6.1E-04 -1.0E-13 -6.7E-14 -1.1E-13 -1.1E-13 -1.2E-13 -1.3E-13  2.8E-04  5.9E-10 -3.4E-14 -3.4E-14 -3.4E-14 -3.4E-14 -3.4E-14 -3.4E-14  5.3E+05 -5.1E+01  1.4E-11 -2.4E-11  6.3E-12 -6.8E-13  4.4E-13 -7.3E-13
   0.0E+00  0.0E+00  0.0E+00  0.0E+00  0.0E+00  0.0E+00  0.0E+00  0.0E+00  6.1E-04  1.2E+02  7.9E-05  3.8E-11 -1.2E-13 -1.2E-13 -1.4E-13 -1.4E-13  8.0E-09  9.7E-06  1.7E-08 -4.9E-14 -4.9E-14 -4.9E-14 -4.9E-14 -4.9E-14  3.3E+01 -7.9E+03 -1.9E+00 -2.0E-06  6.3E-12 -7.0E-13  4.3E-13 -7.5E-13
   0.0E+00  0.0E+00  0.0E+00  0.0E+00  0.0E+00  0.0E+00  0.0E+00  0.0E+00 -1.0E-13  7.9E-05  2.0E+02  1.2E+01  5.3E-03  7.4E-10 -1.9E-13 -1.6E-13 -6.6E-14  9.7E-10 -6.9E-05  1.9E-04  2.9E-09 -6.6E-14 -6.6E-14 -6.6E-14 -1.7E-10  4.3E+00 -1.7E+04 -7.2E+05 -2.5E+01 -1.3E-06  6.6E-11 -7.6E-13
   0.0E+00  0.0E+00  0.0E+00  0.0E+00  0.0E+00  0.0E+00  0.0E+00  0.0E+00 -6.7E-14  3.8E-11  1.2E+01  6.2E+01  9.5E-02  2.3E-09 -2.3E-13 -1.3E-13 -3.3E-14 -3.3E-14  2.7E-05  2.1E-04  3.3E-07 -3.3E-14 -3.3E-14 -3.3E-14 -1.8E-10  1.7E-06  2.4E+05  5.5E+04 -1.1E+03 -3.9E-06  2.0E-10 -7.3E-13
   0.0E+00  0.0E+00  0.0E+00  0.0E+00  0.0E+00  0.0E+00  0.0E+00  0.0E+00 -1.1E-13 -1.2E-13  5.3E-03  9.5E-02  3.7E+02  2.2E-03  6.9E-07 -1.7E-13 -7.5E-14 -7.5E-14  2.0E-09  3.1E-06 -5.4E-05  5.9E-09 -3.5E-14 -7.5E-14 -1.8E-10  3.1E-12  8.0E+01  8.5E+03 -2.3E+04 -1.7E+01 -1.3E-03 -7.7E-13
   0.0E+00  0.0E+00  0.0E+00  0.0E+00  0.0E+00  0.0E+00  0.0E+00  0.0E+00 -1.1E-13 -1.2E-13  7.4E-10  2.3E-09  2.2E-03  3.6E+02  7.8E+00  7.8E-08 -7.5E-14 -7.5E-14 -7.4E-14 -7.4E-14  7.1E-09 -5.3E-05  3.5E-06 -1.3E-13 -1.8E-10  3.1E-12  1.3E-04  1.1E-04  3.4E+01  2.8E+03 -1.7E+04  4.2E-04
   0.0E+00  0.0E+00  0.0E+00  0.0E+00  0.0E+00  0.0E+00  0.0E+00  0.0E+00 -1.2E-13 -1.4E-13 -1.9E-13 -2.3E-13  6.9E-07  7.8E+00  4.7E+02  3.2E-02 -8.8E-14 -8.8E-14 -8.8E-14 -8.8E-14  3.7E-12  1.9E-05 -2.6E-05 -1.3E-08 -1.8E-10  3.0E-12  1.1E-08 -5.6E-09  1.2E-02  8.2E+04 -1.7E+03  5.0E+01
   0.0E+00  0.0E+00  0.0E+00  0.0E+00  0.0E+00  0.0E+00  0.0E+00  0.0E+00 -1.3E-13 -1.4E-13 -1.6E-13 -1.3E-13 -1.7E-13  7.8E-08  3.2E-02  6.1E+02 -9.4E-14 -9.4E-14 -9.4E-14 -9.4E-14 -9.4E-14 -6.2E-14  2.1E-08  4.2E-05 -1.8E-10  3.0E-12  1.4E-11 -2.4E-11  6.2E-12  1.9E-04  7.3E+01  7.6E+03
   8.3E-03  2.7E-06 -7.1E-13 -2.4E-13 -7.5E-13 -7.7E-13 -1.2E-12 -1.2E-12  2.8E-04  8.0E-09 -6.6E-14 -3.3E-14 -7.5E-14 -7.5E-14 -8.8E-14 -9.4E-14  1.4E-07  8.5E-11 -4.9E-18 -9.9E-18 -6.9E-18 -6.6E-18 -4.9E-18 -4.9E-18  1.0E+00 -1.5E-01  2.9E-09 -3.0E-09  1.2E-11  2.7E-11 -6.0E-11  4.9E-12
   2.4E-06  1.9E-03  4.0E-07  5.5E-12 -7.5E-13 -7.7E-13 -1.2E-12 -1.2E-12  5.9E-10  9.7E-06  9.7E-10 -3.3E-14 -7.5E-14 -7.5E-14 -8.8E-14 -9.4E-14  8.5E-11  3.8E-08  2.7E-12  9.2E-17 -4.4E-18 -4.1E-18 -2.4E-18 -2.5E-18  1.2E-01  1.3E+00 -6.1E-03 -5.9E-07  1.2E-11  2.7E-11 -6.0E-11  4.9E-12
  -5.2E-13  2.6E-07 -1.1E-03  7.5E-05  6.2E-06  3.0E-10  2.5E-13 -1.2E-12 -3.4E-14  1.7E-08 -6.9E-05  2.7E-05  2.0E-09 -7.4E-14 -8.8E-14 -9.4E-14 -4.9E-18  2.7E-12  8.8E-09 -1.9E-09  9.8E-11  1.0E-14 -1.1E-20 -4.7E-19 -3.2E-10  7.5E-03 -2.4E+01  6.0E+00 -1.9E-01 -1.0E-05 -7.7E-09  4.9E-12
  -5.2E-13  1.8E-10  4.0E-03  4.0E-03  8.3E-04  4.5E-10  1.7E-12 -1.2E-12 -3.4E-14 -4.9E-14  1.9E-04  2.1E-04  3.1E-06 -7.4E-14 -8.8E-14 -9.4E-14 -9.9E-18  9.2E-17 -1.9E-09  1.4E-07  1.4E-08  4.3E-13 -4.9E-18 -5.5E-18 -3.3E-10  1.6E-05  4.8E+01  1.6E+02 -2.6E+01 -1.9E-05 -2.3E-08  4.9E-12
  -5.2E-13 -5.6E-13  3.8E-06  2.1E-04  3.4E-03  1.1E-05  2.2E-07 -1.2E-12 -3.4E-14 -4.9E-14  2.9E-09  3.3E-07 -5.4E-05  7.1E-09  3.7E-12 -9.4E-14 -6.9E-18 -4.4E-18  9.8E-11  1.4E-08  5.0E-08  2.8E-10  4.2E-14 -2.5E-18 -3.3E-10 -5.4E-11  1.8E-01  2.3E+01 -1.7E-01 -3.9E-01 -1.4E-03  4.9E-12
  -5.2E-13 -5.6E-13  2.1E-08  5.7E-09  2.2E-05  2.3E-03  4.2E-03  1.9E-08 -3.4E-14 -4.9E-14 -6.6E-14 -3.3E-14  5.9E-09 -5.3E-05  1.9E-05 -6.2E-14 -6.6E-18 -4.1E-18  1.0E-14  4.3E-13  2.8E-10  4.2E-08  3.9E-09  1.4E-14 -3.3E-10 -5.4E-11  1.6E-03  6.5E-04  4.0E-01 -4.9E+00 -2.8E+01 -8.8E-05
  -5.2E-13 -5.6E-13  5.7E-13  5.5E-14  4.5E-09  1.0E-03 -2.9E-03  6.5E-05 -3.4E-14 -4.9E-14 -6.6E-14 -3.3E-14 -3.5E-14  3.5E-06 -2.6E-05  2.1E-08 -4.9E-18 -2.4E-18 -1.1E-20 -4.9E-18  4.2E-14  3.9E-09  7.2E-09  2.6E-10 -3.3E-10 -5.4E-11  2.1E-07  2.0E-08  1.6E-04  1.8E+01  1.3E+00 -5.2E-01
  -5.2E-13 -5.6E-13 -7.1E-13 -2.4E-13 -7.5E-13  1.7E-08  3.9E-05 -3.1E-03 -3.4E-14 -4.9E-14 -6.6E-14 -3.3E-14 -7.5E-14 -1.3E-13 -1.3E-08  4.2E-05 -4.9E-18 -2.5E-18 -4.7E-19 -5.5E-18 -2.5E-18  1.4E-14  2.6E-10  7.0E-09 -3.3E-10 -5.4E-11  3.0E-09 -3.0E-09  1.2E-11  4.3E-04  5.3E-01  6.0E-02
   8.2E+05  4.4E+03  3.7E-05 -1.5E-10 -1.5E-10 -1.5E-10 -1.5E-10 -1.5E-10  5.3E+05  3.3E+01 -1.7E-10 -1.8E-10 -1.8E-10 -1.8E-10 -1.8E-10 -1.8E-10  1.0E+00  1.2E-01 -3.2E-10 -3.3E-10 -3.3E-10 -3.3E-10 -3.3E-10 -3.3E-10  9.6E+11 -2.1E+08 -1.3E+01 -3.3E-09 -3.2E-10 -3.0E-10 -3.9E-10 -3.2E-10
  -5.0E+03  1.0E+05  2.2E+03  3.0E-01  4.3E-08 -5.8E-11 -5.9E-11 -5.9E-11 -5.1E+01 -7.9E+03  4.3E+00  1.7E-06  3.1E-12  3.1E-12  3.0E-12  3.0E-12 -1.5E-01  1.3E+00  7.5E-03  1.6E-05 -5.4E-11 -5.4E-11 -5.4E-11 -5.4E-11 -2.1E+08  8.7E+11 -2.9E+07 -2.6E+04 -1.1E-03 -2.7E-11 -1.1E-10 -4.9E-11
  -6.3E-05 -1.2E+03 -7.7E+06  2.0E+06  1.1E+04  1.3E+02  1.2E-01  2.9E-09  1.4E-11 -1.9E+00 -1.7E+04  2.4E+05  8.0E+01  1.3E-04  1.1E-08  1.4E-11  2.9E-09 -6.1E-03 -2.4E+01  4.8E+01  1.8E-01  1.6E-03  2.1E-07  3.0E-09 -1.3E+01 -2.9E+07  3.2E+11 -1.3E+11 -3.3E+08 -3.7E+06 -5.8E+02  1.6E-07
  -3.0E-09 -5.9E-01 -9.9E+06  4.9E+06  1.3E+06  4.1E+00  1.3E-01 -3.0E-09 -2.4E-11 -2.0E-06 -7.2E+05  5.5E+04  8.5E+03  1.1E-04 -5.6E-09 -2.4E-11 -3.0E-09 -5.9E-07  6.0E+00  1.6E+02  2.3E+01  6.5E-04  2.0E-08 -3.0E-09 -3.3E-09 -2.6E+04 -1.3E+11  1.1E+12 -4.2E+10 -1.5E+05 -9.1E+02 -3.0E-09
   5.4E-12 -6.6E-09 -6.5E+03 -3.7E+05  1.5E+05  1.7E+04  4.8E+02  1.8E-07  6.3E-12  6.3E-12 -2.5E+01 -1.1E+03 -2.3E+04  3.4E+01  1.2E-02  6.2E-12  1.2E-11  1.2E-11 -1.9E-01 -2.6E+01 -1.7E-01  4.0E-01  1.6E-04  1.2E-11 -3.2E-10 -1.1E-03 -3.3E+08 -4.2E+10  6.2E+11 -5.6E+08 -3.4E+06 -4.3E-04
   2.7E-11  2.7E-11 -3.5E+01 -1.5E+00 -1.7E+04 -2.9E+05  1.1E+07  1.1E+02 -6.8E-13 -7.0E-13 -1.3E-06 -3.9E-06 -1.7E+01  2.8E+03  8.2E+04  1.9E-04  2.7E-11  2.7E-11 -1.0E-05 -1.9E-05 -3.9E-01 -4.9E+00  1.8E+01  4.3E-04 -3.0E-10 -2.7E-11 -3.7E+06 -1.5E+05 -5.6E+08  6.0E+11 -8.4E+10 -8.8E+05
  -6.1E-11 -6.1E-11 -2.2E-02 -1.3E-02 -1.2E+02 -3.8E+06  4.9E+05  1.2E+05  4.4E-13  4.3E-13  6.6E-11  2.0E-10 -1.3E-03 -1.7E+04 -1.7E+03  7.3E+01 -6.0E-11 -6.0E-11 -7.7E-09 -2.3E-08 -1.4E-03 -2.8E+01  1.3E+00  5.3E-01 -3.9E-10 -1.1E-10 -5.8E+02 -9.1E+02 -3.4E+06 -8.4E+10  1.4E+11 -9.7E+08
   5.1E-12  5.1E-12  4.7E-12  5.4E-12  6.0E-09 -3.2E+01 -6.7E+04  3.2E+04 -7.3E-13 -7.5E-13 -7.6E-13 -7.3E-13 -7.7E-13  4.2E-04  5.0E+01  7.6E+03  4.9E-12  4.9E-12  4.9E-12  4.9E-12  4.9E-12 -8.8E-05 -5.2E-01  6.0E-02 -3.2E-10 -4.9E-11  1.6E-07 -3.0E-09 -4.3E-04 -8.8E+05 -9.7E+08  9.4E+10
 covar
   9.0E-04  0.0E+00  0.0E+00  0.0E+00  0.0E+00  0.0E+00  0.0E+00  0.0E+00  0.0E+00  0.0E+00  0.0E+00  0.0E+00  0.0E+00  0.0E+00  0.0E+00  0.0E+00  0.0E+00  0.0E+00  0.0E+00  0.0E+00  0.0E+00  0.0E+00  0.0E+00  0.0E+00  0.0E+00  0.0E+00  0.0E+00  0.0E+00  0.0E+00  0.0E+00  0.0E+00  0.0E+00
  -1.0E-07  9.5E-04  0.0E+00  0.0E+00  0.0E+00  0.0E+00  0.0E+00  0.0E+00  0.0E+00  0.0E+00  0.0E+00  0.0E+00  0.0E+00  0.0E+00  0.0E+00  0.0E+00  0.0E+00  0.0E+00  0.0E+00  0.0E+00  0.0E+00  0.0E+00  0.0E+00  0.0E+00  0.0E+00  0.0E+00  0.0E+00  0.0E+00  0.0E+00  0.0E+00  0.0E+00  0.0E+00
  -1.3E-10 -4.4E-08  3.0E-03  0.0E+00  0.0E+00  0.0E+00  0.0E+00  0.0E+00  0.0E+00  0.0E+00  0.0E+00  0.0E+00  0.0E+00  0.0E+00  0.0E+00  0.0E+00  0.0E+00  0.0E+00  0.0E+00  0.0E+00  0.0E+00  0.0E+00  0.0E+00  0.0E+00  0.0E+00  0.0E+00  0.0E+00  0.0E+00  0.0E+00  0.0E+00  0.0E+00  0.0E+00
   1.0E-10  2.4E-08 -2.0E-03  8.4E-03  0.0E+00  0.0E+00  0.0E+00  0.0E+00  0.0E+00  0.0E+00  0.0E+00  0.0E+00  0.0E+00  0.0E+00  0.0E+00  0.0E+00  0.0E+00  0.0E+00  0.0E+00  0.0E+00  0.0E+00  0.0E+00  0.0E+00  0.0E+00  0.0E+00  0.0E+00  0.0E+00  0.0E+00  0.0E+00  0.0E+00  0.0E+00  0.0E+00
  -2.8E-14 -3.3E-13  3.0E-07  5.1E-07  3.2E-04  0.0E+00  0.0E+00  0.0E+00  0.0E+00  0.0E+00  0.0E+00  0.0E+00  0.0E+00  0.0E+00  0.0E+00  0.0E+00  0.0E+00  0.0E+00  0.0E+00  0.0E+00  0.0E+00  0.0E+00  0.0E+00  0.0E+00  0.0E+00  0.0E+00  0.0E+00  0.0E+00  0.0E+00  0.0E+00  0.0E+00  0.0E+00
  -2.7E-14  2.0E-13 -5.3E-08 -2.5E-08 -1.6E-08  3.4E-04  0.0E+00  0.0E+00  0.0E+00  0.0E+00  0.0E+00  0.0E+00  0.0E+00  0.0E+00  0.0E+00  0.0E+00  0.0E+00  0.0E+00  0.0E+00  0.0E+00  0.0E+00  0.0E+00  0.0E+00  0.0E+00  0.0E+00  0.0E+00  0.0E+00  0.0E+00  0.0E+00  0.0E+00  0.0E+00  0.0E+00
   7.6E-15 -6.6E-13  1.4E-07  8.5E-08  7.7E-08 -6.2E-05  2.1E-04  0.0E+00  0.0E+00  0.0E+00  0.0E+00  0.0E+00  0.0E+00  0.0E+00  0.0E+00  0.0E+00  0.0E+00  0.0E+00  0.0E+00  0.0E+00  0.0E+00  0.0E+00  0.0E+00  0.0E+00  0.0E+00  0.0E+00  0.0E+00  0.0E+00  0.0E+00  0.0E+00  0.0E+00  0.0E+00
   1.4E-15  2.0E-14 -2.0E-09 -1.2E-09 -1.2E-09  1.3E-06 -2.4E-06  9.4E-05  0.0E+00  0.0E+00  0.0E+00  0.0E+00  0.0E+00  0.0E+00  0.0E+00  0.0E+00  0.0E+00  0.0E+00  0.0E+00  0.0E+00  0.0E+00  0.0E+00  0.0E+00  0.0E+00  0.0E+00  0.0E+00  0.0E+00  0.0E+00  0.0E+00  0.0E+00  0.0E+00  0.0E+00
   2.0E-04 -7.5E-08 -1.7E-10  1.4E-10 -3.3E-14 -3.5E-14  2.2E-14  8.9E-15  1.3E-02  0.0E+00  0.0E+00  0.0E+00  0.0E+00  0.0E+00  0.0E+00  0.0E+00  0.0E+00  0.0E+00  0.0E+00  0.0E+00  0.0E+00  0.0E+00  0.0E+00  0.0E+00  0.0E+00  0.0E+00  0.0E+00  0.0E+00  0.0E+00  0.0E+00  0.0E+00  0.0E+00
  -3.6E-09  4.1E-06 -1.3E-07  1.2E-07 -1.5E-11  2.1E-12 -5.7E-12  9.4E-14 -7.1E-08  8.6E-03  0.0E+00  0.0E+00  0.0E+00  0.0E+00  0.0E+00  0.0E+00  0.0E+00  0.0E+00  0.0E+00  0.0E+00  0.0E+00  0.0E+00  0.0E+00  0.0E+00  0.0E+00  0.0E+00  0.0E+00  0.0E+00  0.0E+00  0.0E+00  0.0E+00  0.0E+00
  -4.6E-11 -1.1E-08  9.3E-04 -5.8E-04  2.5E-07 -2.0E-08  5.4E-08 -7.4E-10 -6.4E-11 -5.4E-08  5.5E-03  0.0E+00  0.0E+00  0.0E+00  0.0E+00  0.0E+00  0.0E+00  0.0E+00  0.0E+00  0.0E+00  0.0E+00  0.0E+00  0.0E+00  0.0E+00  0.0E+00  0.0E+00  0.0E+00  0.0E+00  0.0E+00  0.0E+00  0.0E+00  0.0E+00
   5.2E-11  8.9E-09 -8.7E-04  1.5E-03 -4.7E-07 -4.3E-09  1.8E-08 -2.5E-10  7.1E-11  5.9E-08 -1.3E-03  1.7E-02  0.0E+00  0.0E+00  0.0E+00  0.0E+00  0.0E+00  0.0E+00  0.0E+00  0.0E+00  0.0E+00  0.0E+00  0.0E+00  0.0E+00  0.0E+00  0.0E+00  0.0E+00  0.0E+00  0.0E+00  0.0E+00  0.0E+00  0.0E+00
  -9.8E-14 -1.1E-11  2.5E-06  3.6E-06 -3.2E-06 -9.5E-09  2.8E-08 -3.8E-10 -1.3E-13 -9.5E-11  1.1E-06 -3.4E-06  2.7E-03  0.0E+00  0.0E+00  0.0E+00  0.0E+00  0.0E+00  0.0E+00  0.0E+00  0.0E+00  0.0E+00  0.0E+00  0.0E+00  0.0E+00  0.0E+00  0.0E+00  0.0E+00  0.0E+00  0.0E+00  0.0E+00  0.0E+00
  -1.1E-14  1.2E-13 -2.7E-08 -1.6E-08 -9.4E-09  2.8E-06 -9.3E-06  1.5E-07 -8.2E-15  1.1E-12 -1.0E-08 -3.3E-09 -2.2E-08  2.8E-03  0.0E+00  0.0E+00  0.0E+00  0.0E+00  0.0E+00  0.0E+00  0.0E+00  0.0E+00  0.0E+00  0.0E+00  0.0E+00  0.0E+00  0.0E+00  0.0E+00  0.0E+00  0.0E+00  0.0E+00  0.0E+00
  -7.9E-15 -8.3E-14  1.6E-08  9.7E-09  9.8E-09 -6.7E-06  1.2E-05 -3.0E-07 -2.9E-15 -6.5E-13  6.2E-09  2.1E-09  3.4E-09 -4.8E-05  2.1E-03  0.0E+00  0.0E+00  0.0E+00  0.0E+00  0.0E+00  0.0E+00  0.0E+00  0.0E+00  0.0E+00  0.0E+00  0.0E+00  0.0E+00  0.0E+00  0.0E+00  0.0E+00  0.0E+00  0.0E+00
  -1.1E-14 -1.3E-14  3.4E-10  2.0E-10  2.1E-10 -2.3E-07  4.3E-07 -2.9E-06 -9.5E-15 -1.9E-14  1.3E-10  4.3E-11  6.6E-11 -2.4E-08 -6.0E-08  1.6E-03  0.0E+00  0.0E+00  0.0E+00  0.0E+00  0.0E+00  0.0E+00  0.0E+00  0.0E+00  0.0E+00  0.0E+00  0.0E+00  0.0E+00  0.0E+00  0.0E+00  0.0E+00  0.0E+00
  -5.5E+01  1.8E-02  3.7E-05 -3.1E-05  5.4E-09 -3.1E-10  5.1E-09  2.1E-09 -3.8E+01  1.4E-03  1.4E-05 -1.5E-05  2.7E-08  1.8E-09  2.5E-09  1.4E-09  1.1E+07  0.0E+00  0.0E+00  0.0E+00  0.0E+00  0.0E+00  0.0E+00  0.0E+00  0.0E+00  0.0E+00  0.0E+00  0.0E+00  0.0E+00  0.0E+00  0.0E+00  0.0E+00
   7.5E-02 -4.9E+01 -5.8E-02  4.8E-02 -5.9E-06  9.1E-07 -2.4E-06  3.8E-08  1.0E-01 -2.4E+00 -2.1E-02  2.3E-02 -4.0E-05  4.7E-07 -2.7E-07 -1.9E-09 -2.2E+04  2.9E+07  0.0E+00  0.0E+00  0.0E+00  0.0E+00  0.0E+00  0.0E+00  0.0E+00  0.0E+00  0.0E+00  0.0E+00  0.0E+00  0.0E+00  0.0E+00  0.0E+00
  -5.8E-05 -2.0E-02  9.3E+02 -8.2E+02  1.1E-01 -1.5E-02  4.1E-02 -5.6E-04 -8.0E-05 -6.3E-02  3.6E+02 -4.1E+02  6.7E-01 -7.8E-03  4.7E-03  9.8E-05  1.7E+01 -2.6E+04  4.4E+08  0.0E+00  0.0E+00  0.0E+00  0.0E+00  0.0E+00  0.0E+00  0.0E+00  0.0E+00  0.0E+00  0.0E+00  0.0E+00  0.0E+00  0.0E+00
   8.1E-06  1.3E-03 -2.1E+02 -6.0E+01  9.5E-02  1.0E-02 -2.9E-02  4.0E-04  1.1E-05  8.9E-03 -8.3E+01  1.7E+01 -6.4E-01  5.5E-03 -3.3E-03 -7.0E-05 -2.4E+00  3.7E+03 -6.3E+07  3.1E+07  0.0E+00  0.0E+00  0.0E+00  0.0E+00  0.0E+00  0.0E+00  0.0E+00  0.0E+00  0.0E+00  0.0E+00  0.0E+00  0.0E+00
  -7.1E-07 -9.7E-05  2.0E+01  1.4E+01 -2.2E+01 -6.3E-02  1.8E-01 -2.4E-03 -9.7E-07 -7.8E-04  7.5E+00  3.2E+00  3.3E+00 -3.4E-02  2.0E-02  4.3E-04  2.1E-01 -3.3E+02  5.5E+06 -4.2E+06  2.2E+07  0.0E+00  0.0E+00  0.0E+00  0.0E+00  0.0E+00  0.0E+00  0.0E+00  0.0E+00  0.0E+00  0.0E+00  0.0E+00
   2.4E-09  7.7E-07 -1.6E-01 -9.2E-02 -5.3E-02  7.0E+00 -4.6E+01  6.6E-01  3.2E-09  6.5E-06 -6.1E-02 -1.9E-02 -3.1E-02  7.3E+00 -5.6E+00 -1.2E-01 -1.8E-03  2.7E+00 -4.6E+04  3.2E+04 -2.0E+05  4.2E+07  0.0E+00  0.0E+00  0.0E+00  0.0E+00  0.0E+00  0.0E+00  0.0E+00  0.0E+00  0.0E+00  0.0E+00
   3.8E-08 -7.1E-07  1.6E-01  9.7E-02  9.6E-02 -9.5E+01  1.5E+02 -4.4E+00  6.7E-08 -6.5E-06  6.2E-02  2.0E-02  3.1E-02 -1.2E+01  2.1E+01  7.8E-01  6.8E-03 -2.8E+00  4.7E+04 -3.3E+04  2.0E+05 -5.5E+07  2.8E+08  0.0E+00  0.0E+00  0.0E+00  0.0E+00  0.0E+00  0.0E+00  0.0E+00  0.0E+00  0.0E+00
   2.8E-08  8.5E-08 -5.1E-03 -3.0E-03 -3.1E-03  3.3E+00 -6.4E+00  4.2E+01  5.1E-08  2.7E-07 -1.9E-03 -6.4E-04 -9.8E-04  3.9E-01 -8.0E-01 -1.1E+01  4.0E-03  9.4E-02 -1.4E+03  1.0E+03 -6.3E+03  1.7E+06 -1.2E+07  1.6E+08  0.0E+00  0.0E+00  0.0E+00  0.0E+00  0.0E+00  0.0E+00  0.0E+00  0.0E+00
  -8.2E-10  1.9E-12  6.0E-15 -5.0E-15  6.3E-19 -7.8E-20  2.5E-19  7.8E-22 -7.1E-09  5.0E-14  2.2E-15 -2.5E-15  4.1E-18 -3.7E-20  3.8E-20  9.3E-21  5.7E-05 -3.5E-06  2.8E-09 -3.9E-10  3.4E-11 -2.8E-13  2.8E-13 -1.4E-14  1.0E-12  0.0E+00  0.0E+00  0.0E+00  0.0E+00  0.0E+00  0.0E+00  0.0E+00
  -4.4E-12 -3.8E-11 -7.7E-12  5.7E-12 -6.8E-16  1.1E-16 -3.0E-16  4.1E-18 -6.5E-12  8.1E-11 -2.6E-12  2.7E-12 -5.0E-15  5.8E-17 -3.4E-17 -7.3E-19  1.5E-06 -3.7E-05 -3.3E-06  4.6E-07 -4.1E-08  3.4E-10 -3.5E-10  1.1E-11  2.6E-16  1.1E-12  0.0E+00  0.0E+00  0.0E+00  0.0E+00  0.0E+00  0.0E+00
  -1.0E-14 -4.1E-13  2.3E-07 -1.8E-07  2.9E-11 -4.4E-12  1.2E-11 -1.6E-13 -1.4E-14 -1.2E-11  8.2E-08 -8.9E-08  2.0E-10 -2.3E-12  1.4E-12  2.9E-14  3.0E-09 -4.7E-06  8.4E-02 -1.7E-02  1.6E-03 -1.3E-05  1.4E-05 -4.2E-07  5.0E-19 -5.3E-16  2.2E-11  0.0E+00  0.0E+00  0.0E+00  0.0E+00  0.0E+00
  -3.8E-15 -6.5E-13  9.0E-08 -6.7E-08  7.3E-11 -1.3E-12  3.4E-12 -4.7E-14 -5.2E-15 -4.2E-12  3.5E-08 -2.8E-08  4.0E-11 -6.5E-13  3.9E-13  8.2E-15  1.1E-09 -1.7E-06  3.0E-02 -8.0E-03  4.6E-04 -3.8E-06  3.9E-06 -1.2E-07  1.8E-19 -2.1E-16  7.8E-12  4.1E-12  0.0E+00  0.0E+00  0.0E+00  0.0E+00
   1.2E-16  1.6E-14 -3.3E-09 -2.4E-09 -7.3E-11 -8.0E-12  2.0E-11 -2.7E-13  1.6E-16  1.3E-13 -1.3E-09 -4.5E-10  8.0E-11 -3.9E-12  2.3E-12  4.8E-14 -3.5E-11  5.5E-08 -9.2E-04  6.8E-04 -1.2E-04 -2.2E-05  2.3E-05 -7.1E-07 -5.7E-21  6.9E-18 -2.7E-13 -8.4E-14  1.6E-12  0.0E+00  0.0E+00  0.0E+00
  -1.9E-18  8.1E-18 -2.2E-12 -2.3E-12 -1.2E-11  6.2E-09 -1.1E-08  1.9E-10 -3.4E-18  7.6E-17 -8.4E-13 -6.3E-13 -4.3E-13  9.3E-10 -1.5E-09 -3.4E-11 -2.6E-13  3.4E-11 -5.7E-07  5.3E-07 -3.1E-06  4.4E-03 -1.5E-02  5.0E-04 -3.0E-24  4.4E-21 -1.7E-16 -4.6E-17 -4.6E-16  2.7E-12  0.0E+00  0.0E+00
  -1.8E-18  1.7E-16 -3.6E-11 -2.1E-11 -1.9E-11  1.5E-08 -1.9E-08  8.9E-11 -3.1E-18  1.4E-15 -1.3E-11 -4.4E-12 -6.8E-12  2.5E-09 -2.3E-09 -1.4E-11 -5.9E-13  6.0E-10 -1.0E-05  7.2E-06 -4.4E-05  1.1E-02 -2.5E-02  2.0E-04 -6.1E-23  7.5E-20 -3.0E-15 -8.5E-16 -4.9E-15  2.8E-12  1.1E-11  0.0E+00
   1.8E-19 -2.7E-18  6.4E-13  3.8E-13  3.9E-13 -4.2E-10  7.8E-10 -8.4E-11  3.2E-19 -2.5E-17  2.4E-13  8.1E-14  1.2E-13 -4.9E-11  9.9E-11 -1.2E-10  3.1E-14 -1.1E-11  1.8E-07 -1.3E-07  8.0E-07 -2.2E-04  1.4E-03 -1.8E-04  1.1E-24 -1.4E-21  5.4E-17  1.5E-17  9.0E-17 -6.2E-14 -3.2E-14  1.1E-11
 errors
 1  0.327702518  0.0299612527  0.0914282041
 2  0.589637081  0.0308966203  0.0523993848
 3  0.438855906  0.0546289902  0.124480472
 4  0.755083196  0.0916468541  0.121373187
 5  0.239497525  0.0177916612  0.0742874534
 6  0.250588385  0.0185451081  0.074006256
 7  0.11600718  0.0145277684  0.125231631
 8  0.0652769786  0.00971846582  0.148880448
 9  0.385882657  0.112745189  0.292174803
 10  0.446856905  0.0926909266  0.207428655
 11  0.273659748  0.0741204364  0.270848881
 12  0.519107841  0.130469086  0.251333299
 13  0.0811170137  0.0519150091  0.640001484
 14  0.0876228949  0.0528250271  0.60286786
 15  0.0190484613  0.0463605946  2.4338236
 16 -0.0119657552  0.0405962203 -3.39270023
 17  15293.8672  3273.85393  0.214063185
 18  55214.2937  5359.90212  0.0970745392
 19  82172.9971  21049.2991  0.256158347
 20  25111.124  5543.72816  0.220767822
 21  19954.0968  4710.28167  0.23605587
 22  23343.9039  6442.24638  0.275971252
 23  37441.8572  16848.1329  0.449981229
 24  19336.9845  12725.6503  0.658099008
 25  0.552948463  1.02398438E-06  1.85186225E-06
 26  0.553106299  1.06926619E-06  1.93320198E-06
 27  0.553332447  4.71934224E-06  8.52894541E-06
 28  0.553396312  2.02129371E-06  3.65252473E-06
 29  0.553494405  1.27923236E-06  2.31119294E-06
 30  0.553619483  1.6516453E-06  2.98335834E-06
 31  0.553691171  3.37439808E-06  6.09436859E-06
 32  0.553805036  3.26556952E-06  5.89660494E-06
